SCMBranch=Version 3.00
SCMRepository=dxb_sapphire/dashboard/SapphireDashboard/Scripts/ExtJs/resources/themes/images/access/grid
SCMMainlineUUID={48b262cd-dc00-4345-9ea8-40b02eb09979}
SCMBranchRepositoryID=319
arrow-left-white.gif;3045281672;1;1339455019;
arrow-right-white.gif;2647504844;1;1339455019;
cell-special-bg.gif;2749481506;1;1339455019;
cell-special-selected-bg.gif;1694685089;1;1339455019;
checked.gif;1869730099;1;1339455019;
col-move-bottom.gif;2501760788;1;1339455019;
col-move-top.gif;2622013655;1;1339455019;
column-header-bg.gif;3503716295;1;1339455019;
column-header-over-bg.gif;3056157697;1;1339455019;
columns.gif;546660616;1;1339455019;
dd-insert-arrow-left.gif;3795079469;1;1339455019;
dd-insert-arrow-left.png;2752221909;1;1339455019;
dd-insert-arrow-right.gif;2171442550;1;1339455019;
dd-insert-arrow-right.png;1698585098;1;1339455019;
dirty.gif;979930101;1;1339455019;
done.gif;2812050714;1;1339455019;
drop-no.gif;812961373;1;1339455019;
drop-yes.gif;3806954699;1;1339455019;
footer-bg.gif;2087917921;1;1339455019;
grid-blue-hd.gif;2828607101;1;1339455019;
grid-blue-split.gif;1137587580;1;1339455019;
grid-hrow.gif;2319942796;1;1339455019;
grid-loading.gif;3894548893;1;1339455019;
grid-split.gif;3673776557;1;1339455019;
grid-vista-hd.gif;1373713800;1;1339455019;
grid3-hd-btn.gif;165659815;1;1339455019;
grid3-hrow-over.gif;3958062406;1;1339455019;
grid3-hrow.gif;1108900539;1;1339455019;
grid3-special-col-bg.gif;1668181927;1;1339455019;
grid3-special-col-sel-bg.gif;3067571557;1;1339455019;
group-by.gif;1789051973;1;1339455019;
group-collapse.gif;2955290876;1;1339455019;
group-expand-sprite.gif;1113874800;1;1339455019;
group-expand.gif;2516071783;1;1339455019;
hd-pop.gif;2587625094;1;1339455019;
hmenu-asc.gif;16928676;1;1339455019;
hmenu-desc.gif;1519950157;1;1339455019;
hmenu-lock.gif;1588234058;1;1339455019;
hmenu-lock.png;662681402;1;1339455019;
hmenu-unlock.gif;1587533237;1;1339455019;
hmenu-unlock.png;1020632623;1;1339455019;
invalid_line.gif;645037516;1;1339455019;
loading.gif;1301840106;1;1339455019;
mso-hd.gif;888885653;1;1339455019;
nowait.gif;1261927674;1;1339455019;
page-first-disabled.gif;3560621385;1;1339455019;
page-first.gif;351606480;1;1339455019;
page-last-disabled.gif;3528877265;1;1339455019;
page-last.gif;2715233128;1;1339455019;
page-next-disabled.gif;15105680;1;1339455019;
page-next.gif;993596578;1;1339455019;
page-prev-disabled.gif;524928520;1;1339455019;
page-prev.gif;624092728;1;1339455019;
pick-button.gif;2814607211;1;1339455019;
property-cell-bg.gif;305927086;1;1339455019;
refresh-disabled.gif;2290743450;1;1339455019;
refresh.gif;154012708;1;1339455019;
row-check-sprite.gif;2270421690;1;1339455019;
row-expand-sprite.gif;1894495120;1;1339455019;
row-over.gif;2193331361;1;1339455019;
row-sel.gif;25734424;1;1339455019;
sort-hd.gif;3544679853;1;1339455019;
sort_asc.gif;1408644788;1;1339455019;
sort_desc.gif;3030634269;1;1339455019;
unchecked.gif;456261967;1;1339455019;
wait.gif;284215521;1;1339455019;
