SCMBranch=Version 3.00
SCMRepository=dxb_sapphire/dashboard/SapphireDashboard/Scripts/ExtJs/src/util
SCMMainlineUUID={48b262cd-dc00-4345-9ea8-40b02eb09979}
SCMBranchRepositoryID=509
AbstractMixedCollection.js;711439576;1;1339455028;
Animate.js;1079616916;1;1339455028;
Bindable.js;2934724457;1;1339455028;
CSS.js;730434176;1;1339455028;
ClickRepeater.js;2632040196;1;1339455028;
ComponentDragger.js;2077012183;1;1339455028;
Cookies.js;587335960;1;1339455028;
ElementContainer.js;3279426674;1;1339455028;
Filter.js;2596888969;1;1339455028;
Floating.js;3380952421;1;1339455028;
Grouper.js;3935518266;1;1339455028;
HashMap.js;1354775132;1;1339455028;
History.js;2557674879;1;1339455028;
Inflector.js;2477369295;1;1339455028;
KeyMap.js;1993673871;1;1339455028;
KeyNav.js;3506411183;1;1339455028;
LruCache.js;3299768861;1;1339455028;
Memento.js;3022185705;1;1339455028;
MixedCollection.js;817128487;1;1339455028;
Observable.js;3841617522;1;1339455028;
Offset.js;1423826773;1;1339455028;
Point.js;2294144300;1;1339455028;
ProtoElement.js;4088709534;1;1339455028;
Queue.js;2641758631;1;1339455028;
Region.js;2187982698;1;1339455028;
Renderable.js;2508405716;1;1339455028;
Sortable.js;1771148267;1;1339455028;
Sorter.js;4241200306;1;1339455028;
TextMetrics.js;1371045256;1;1339455028;
