SCMBranch=Version 3.00
SCMRepository=dxb_sapphire/dashboard/SapphireDashboard/Scripts/ExtJs/resources/themes/images/default/grid
SCMMainlineUUID={48b262cd-dc00-4345-9ea8-40b02eb09979}
SCMBranchRepositoryID=351
arrow-left-white.gif;3045281672;1;1339455021;
arrow-right-white.gif;2647504844;1;1339455021;
cell-special-bg.gif;2749481506;1;1339455021;
cell-special-bg.png;1953337291;1;1339455021;
cell-special-selected-bg.gif;2792840873;1;1339455021;
cell-special-selected-bg.png;2387257010;1;1339455021;
checked.gif;1869730099;1;1339455021;
col-move-bottom.gif;2501760788;1;1339455021;
col-move-top.gif;2622013655;1;1339455021;
column-header-bg.gif;2914411070;1;1339455021;
column-header-bg.png;2742515516;1;1339455021;
column-header-over-bg.gif;2822914935;1;1339455021;
column-header-over-bg.png;1011827828;1;1339455021;
columns.gif;546660616;1;1339455021;
dd-insert-arrow-left.gif;3795079469;1;1339455021;
dd-insert-arrow-left.png;2752221909;1;1339455021;
dd-insert-arrow-right.gif;2171442550;1;1339455021;
dd-insert-arrow-right.png;1698585098;1;1339455021;
dirty.gif;106408353;1;1339455021;
done.gif;2812050714;1;1339455021;
drop-no.gif;812961373;1;1339455021;
drop-yes.gif;3806954699;1;1339455021;
footer-bg.gif;2087917921;1;1339455021;
grid-blue-hd.gif;2828607101;1;1339455021;
grid-blue-split.gif;3256653057;1;1339455021;
grid-hrow.gif;2319942796;1;1339455021;
grid-loading.gif;3894548893;1;1339455021;
grid-split.gif;3673776557;1;1339455021;
grid-vista-hd.gif;1373713800;1;1339455021;
grid3-hd-btn.gif;431418233;1;1339455021;
grid3-hrow-over.gif;2680725874;1;1339455021;
grid3-hrow.gif;827089159;1;1339455021;
grid3-rowheader.gif;85354799;1;1339455021;
group-by.gif;1789051973;1;1339455021;
group-collapse.gif;1124707434;1;1339455021;
group-expand-sprite.gif;2300342206;1;1339455021;
group-expand.gif;953715060;1;1339455021;
hd-pop.gif;2587625094;1;1339455021;
hmenu-asc.gif;16928676;1;1339455021;
hmenu-desc.gif;1519950157;1;1339455021;
hmenu-lock.gif;1588234058;1;1339455021;
hmenu-lock.png;662681402;1;1339455021;
hmenu-unlock.gif;1587533237;1;1339455021;
hmenu-unlock.png;1020632623;1;1339455021;
invalid_line.gif;1237141191;1;1339455021;
loading.gif;1301840106;1;1339455021;
mso-hd.gif;888885653;1;1339455021;
nowait.gif;1261927674;1;1339455021;
page-first-disabled.gif;3859430379;1;1339455021;
page-first.gif;2441165923;1;1339455021;
page-last-disabled.gif;1074702930;1;1339455021;
page-last.gif;2429433670;1;1339455021;
page-next-disabled.gif;3543994522;1;1339455021;
page-next.gif;3051241501;1;1339455021;
page-prev-disabled.gif;31907720;1;1339455021;
page-prev.gif;2057056117;1;1339455021;
pick-button.gif;2814607211;1;1339455021;
property-cell-bg.gif;306443391;1;1339455021;
property-cell-selected-bg.gif;3430660896;1;1339455021;
refresh-disabled.gif;2290743450;1;1339455021;
refresh.gif;2056488974;1;1339455021;
row-check-sprite.gif;2270421690;1;1339455021;
row-expand-sprite.gif;1894495120;1;1339455021;
row-over.gif;2193331361;1;1339455021;
row-sel.gif;25734424;1;1339455021;
sort-hd.gif;1857689597;1;1339455021;
sort_asc.gif;2240775551;1;1339455021;
sort_desc.gif;495156775;1;1339455021;
unchecked.gif;456261967;1;1339455021;
wait.gif;284215521;1;1339455021;
