SCMBranch=Version 3.00
SCMRepository=dxb_sapphire/dashboard/SapphireDashboard/Scripts/ExtJs/resources/themes/stylesheets/ext4/default/widgets
SCMMainlineUUID={48b262cd-dc00-4345-9ea8-40b02eb09979}
SCMBranchRepositoryID=413
_boundlist.scss;1280062094;1;1339455023;
_btn-group.scss;1720618044;1;1339455023;
_button.scss;3837835045;1;1339455023;
_colorpicker.scss;1885517160;1;1339455023;
_datepicker.scss;3867425260;1;1339455023;
_drawcomponent.scss;412421328;1;1339455023;
_form.scss;2468665334;1;1339455023;
_grid.scss;1557743068;1;1339455023;
_html.scss;474434189;1;1339455023;
_loadmask.scss;987204403;1;1339455023;
_menu.scss;1957455963;1;1339455023;
_panel.scss;3276141412;1;1339455023;
_progress-bar.scss;3310977021;1;1339455023;
_qtip.scss;1583504637;1;1339455023;
_slider.scss;4075592959;1;1339455023;
_tab.scss;406359178;1;1339455023;
_tabbar.scss;3398113000;1;1339455023;
_toolbar.scss;2699673068;1;1339455023;
_tree.scss;2724139888;1;1339455023;
_viewport.scss;1359547071;1;1339455023;
_window.scss;3997345795;1;1339455023;
