SCMBranch=Version 3.00
SCMRepository=dxb_sapphire/dashboard/SapphireDashboard/Scripts/ExtJs/src/data
SCMMainlineUUID={48b262cd-dc00-4345-9ea8-40b02eb09979}
SCMBranchRepositoryID=468
AbstractStore.js;2503229487;1;1339455024;
ArrayStore.js;3715481927;1;1339455024;
Batch.js;2089007956;1;1339455024;
BufferStore.js;1308061528;1;1339455024;
Connection.js;3784452785;1;1339455024;
DirectStore.js;2812774240;1;1339455024;
Errors.js;1041854192;1;1339455024;
Field.js;3957653142;1;1339455024;
IdGenerator.js;3953898422;1;1339455024;
JsonP.js;1373550535;1;1339455024;
JsonPStore.js;390967483;1;1339455024;
JsonStore.js;1646693234;1;1339455024;
Model.js;41103689;1;1339455024;
NodeInterface.js;938466363;1;1339455024;
NodeStore.js;835569426;1;1339455024;
Operation.js;1474300075;1;1339455024;
Request.js;4144958202;1;1339455024;
ResultSet.js;2793674650;1;1339455024;
SequentialIdGenerator.js;1596162202;1;1339455024;
SortTypes.js;1388909618;1;1339455024;
Store.js;3883734657;1;1339455024;
StoreManager.js;2124172645;1;1339455024;
Tree.js;2070419628;1;1339455024;
TreeStore.js;3022184464;1;1339455024;
Types.js;2683103553;1;1339455024;
UuidGenerator.js;211602424;1;1339455024;
XmlStore.js;3465953184;1;1339455024;
validations.js;4158023566;1;1339455024;
