SCMBranch=Version 3.00
SCMRepository=dxb_sapphire/dashboard/SapphireDashboard/Scripts/ExtJs/resources/themes/images/gray/grid
SCMMainlineUUID={48b262cd-dc00-4345-9ea8-40b02eb09979}
SCMBranchRepositoryID=381
arrow-left-white.gif;3045281672;1;1339455022;
arrow-right-white.gif;2647504844;1;1339455022;
cell-special-bg.gif;2749481506;1;1339455022;
cell-special-bg.png;1953337291;1;1339455022;
cell-special-selected-bg.gif;2792840873;1;1339455022;
cell-special-selected-bg.png;2387257010;1;1339455022;
checked.gif;1869730099;1;1339455022;
col-move-bottom.gif;1689061637;1;1339455022;
col-move-top.gif;2489310194;1;1339455022;
column-header-bg.gif;2914411070;1;1339455022;
column-header-bg.png;2742515516;1;1339455022;
column-header-over-bg.gif;1125042282;1;1339455022;
column-header-over-bg.png;1011827828;1;1339455022;
columns.gif;546660616;1;1339455022;
dd-insert-arrow-left.gif;3795079469;1;1339455022;
dd-insert-arrow-left.png;2752221909;1;1339455022;
dd-insert-arrow-right.gif;2171442550;1;1339455022;
dd-insert-arrow-right.png;1698585098;1;1339455022;
dirty.gif;106408353;1;1339455022;
done.gif;2812050714;1;1339455022;
drop-no.gif;812961373;1;1339455022;
drop-yes.gif;3806954699;1;1339455022;
footer-bg.gif;2087917921;1;1339455022;
grid-blue-hd.gif;2828607101;1;1339455022;
grid-blue-split.gif;3256653057;1;1339455022;
grid-hrow.gif;2319942796;1;1339455022;
grid-loading.gif;3894548893;1;1339455022;
grid-split.gif;3673776557;1;1339455022;
grid-vista-hd.gif;1373713800;1;1339455022;
grid3-hd-btn.gif;2775589411;1;1339455022;
grid3-hrow-over.gif;2680725874;1;1339455022;
grid3-hrow.gif;827089159;1;1339455022;
grid3-rowheader.gif;85354799;1;1339455022;
group-by.gif;1789051973;1;1339455022;
group-collapse.gif;1551738811;1;1339455022;
group-expand-sprite.gif;306689507;1;1339455022;
group-expand.gif;965757214;1;1339455022;
hd-pop.gif;2587625094;1;1339455022;
hmenu-asc.gif;16928676;1;1339455022;
hmenu-desc.gif;1519950157;1;1339455022;
hmenu-lock.gif;1588234058;1;1339455022;
hmenu-lock.png;662681402;1;1339455022;
hmenu-unlock.gif;1587533237;1;1339455022;
hmenu-unlock.png;1020632623;1;1339455022;
invalid_line.gif;1237141191;1;1339455022;
loading.gif;1301840106;1;1339455022;
mso-hd.gif;888885653;1;1339455022;
nowait.gif;1261927674;1;1339455022;
page-first-disabled.gif;3859430379;1;1339455022;
page-first.gif;1429994311;1;1339455022;
page-last-disabled.gif;1074702930;1;1339455022;
page-last.gif;506997565;1;1339455022;
page-next-disabled.gif;3543994522;1;1339455022;
page-next.gif;2579810066;1;1339455022;
page-prev-disabled.gif;31907720;1;1339455022;
page-prev.gif;1867922116;1;1339455022;
pick-button.gif;2814607211;1;1339455022;
property-cell-bg.gif;306443391;1;1339455022;
property-cell-selected-bg.gif;3430660896;1;1339455022;
refresh-disabled.gif;2290743450;1;1339455022;
refresh.gif;3103865640;1;1339455022;
row-check-sprite.gif;2270421690;1;1339455022;
row-expand-sprite.gif;1082423163;1;1339455022;
row-over.gif;2193331361;1;1339455022;
row-sel.gif;25734424;1;1339455022;
sort-hd.gif;1398222243;1;1339455022;
sort_asc.gif;2549964473;1;1339455022;
sort_desc.gif;191209292;1;1339455022;
unchecked.gif;456261967;1;1339455022;
wait.gif;284215521;1;1339455022;
