SCMBranch=Version 3.00
SCMRepository=dxb_sapphire/dashboard/SapphireDashboard/Scripts/ExtJs/resources/themes/images/default/tree
SCMMainlineUUID={48b262cd-dc00-4345-9ea8-40b02eb09979}
SCMBranchRepositoryID=365
arrows.gif;671866584;1;1339455021;
drop-above.gif;2650428618;1;1339455021;
drop-add.gif;3272445959;1;1339455021;
drop-append.gif;3272445959;1;1339455021;
drop-below.gif;178637889;1;1339455021;
drop-between.gif;434071690;1;1339455021;
drop-no.gif;4294579990;1;1339455021;
drop-over.gif;2650428618;1;1339455021;
drop-under.gif;178637889;1;1339455021;
drop-yes.gif;2202691169;1;1339455021;
elbow-end-minus-nl.gif;2252135199;1;1339455021;
elbow-end-minus.gif;1016288981;1;1339455021;
elbow-end-plus-nl.gif;2253886986;1;1339455021;
elbow-end-plus.gif;2277425222;1;1339455021;
elbow-end.gif;3198752113;1;1339455021;
elbow-line.gif;2354063483;1;1339455021;
elbow-minus-nl.gif;2252135199;1;1339455021;
elbow-minus.gif;2788159020;1;1339455021;
elbow-plus-nl.gif;2253886986;1;1339455021;
elbow-plus.gif;3212788148;1;1339455021;
elbow.gif;769029316;1;1339455021;
folder-open.gif;699007011;1;1339455021;
folder.gif;1964859101;1;1339455021;
leaf.gif;3913559903;1;1339455021;
loading.gif;1301840106;1;1339455021;
s.gif;1304196098;1;1339455021;
