SCMBranch=Version 3.00
SCMRepository=dxb_sapphire/dashboard/SapphireDashboard/Scripts/ExtJs/src/layout/container
SCMMainlineUUID={48b262cd-dc00-4345-9ea8-40b02eb09979}
SCMBranchRepositoryID=495
Absolute.js;317781776;1;1339455027;
Accordion.js;2490186130;1;1339455027;
Anchor.js;1283169709;1;1339455027;
Auto.js;3912517895;1;1339455027;
Border-old-js;907223191;1;1339455027;
Border.js;135345536;1;1339455027;
Box.js;694220897;1;1339455027;
Card.js;825332971;1;1339455027;
CheckboxGroup.js;210622390;1;1339455027;
Column.js;1300819426;1;1339455027;
Container.js;2552361060;1;1339455027;
Editor.js;4110192285;1;1339455027;
Fit.js;1745741073;1;1339455027;
Form.js;1502286217;1;1339455027;
HBox.js;271201942;1;1339455027;
Table.js;3795302206;1;1339455027;
VBox.js;353337350;1;1339455027;
