SCMBranch=Version 3.00
SCMRepository=dxb_sapphire/dashboard/SapphireDashboard/Scripts/ExtJs/src
SCMMainlineUUID={48b262cd-dc00-4345-9ea8-40b02eb09979}
SCMBranchRepositoryID=429
AbstractComponent.js;2911508906;1;1339455023;
AbstractManager.js;502208011;1;1339455023;
AbstractPlugin.js;2977380802;1;1339455023;
Action.js;1721450305;1;1339455023;
Ajax.js;90466663;1;1339455023;
Component.js;839589870;1;1339455023;
ComponentLoader.js;4199834642;1;1339455023;
ComponentManager.js;3905351422;1;1339455023;
ComponentQuery.js;1652832505;1;1339455023;
Editor.js;3654778524;1;1339455026;
ElementLoader.js;805320857;1;1339455026;
FocusManager.js;3568047143;1;1339455026;
Img.js;2541210961;1;1339455027;
Layer.js;1512612599;1;1339455027;
LoadMask.js;3722544158;1;1339455027;
ModelManager.js;2304153355;1;1339455027;
PluginManager.js;2835745688;1;1339455027;
ProgressBar.js;2655121931;1;1339455027;
Shadow.js;566884293;1;1339455027;
ShadowPool.js;258008741;1;1339455027;
Template.js;593514827;1;1339455027;
XTemplate.js;2027333720;1;1339455028;
XTemplateCompiler.js;3420208442;1;1339455028;
XTemplateParser.js;3939897002;1;1339455028;
ZIndexManager.js;3465857634;1;1339455028;
tail.js;90859591;1;1339455027;
