SCMBranch=Version 3.00
SCMRepository=dxb_sapphire/dashboard/SapphireDashboard/Scripts/ExtJs/resources/themes/images/access/tree
SCMMainlineUUID={48b262cd-dc00-4345-9ea8-40b02eb09979}
SCMBranchRepositoryID=335
arrows.gif;3366908200;1;1339455020;
drop-above.gif;2650428618;1;1339455020;
drop-add.gif;3272445959;1;1339455020;
drop-append.gif;3272445959;1;1339455020;
drop-below.gif;178637889;1;1339455020;
drop-between.gif;434071690;1;1339455020;
drop-no.gif;4294579990;1;1339455020;
drop-over.gif;2650428618;1;1339455020;
drop-under.gif;178637889;1;1339455020;
drop-yes.gif;2202691169;1;1339455020;
elbow-end-minus-nl.gif;4272770415;1;1339455020;
elbow-end-minus.gif;4241237872;1;1339455020;
elbow-end-plus-nl.gif;1182224818;1;1339455020;
elbow-end-plus.gif;2238425654;1;1339455020;
elbow-end.gif;3298600780;1;1339455020;
elbow-line.gif;3918872839;1;1339455020;
elbow-minus-nl.gif;4272770415;1;1339455020;
elbow-minus.gif;3623549726;1;1339455020;
elbow-plus-nl.gif;1182224818;1;1339455020;
elbow-plus.gif;322058846;1;1339455020;
elbow.gif;506758603;1;1339455020;
folder-open.gif;604233287;1;1339455020;
folder.gif;3940448088;1;1339455020;
leaf.gif;3913559903;1;1339455020;
loading.gif;1301840106;1;1339455020;
s.gif;1304196098;1;1339455020;
