SCMBranch=Version 3.00
SCMRepository=dxb_sapphire/dashboard/SapphireDashboard/Scripts/ExtJs/src/form/field
SCMMainlineUUID={48b262cd-dc00-4345-9ea8-40b02eb09979}
SCMBranchRepositoryID=483
Base.js;2179048159;1;1339455026;
Checkbox.js;2994275359;1;1339455026;
ComboBox.js;1557373182;1;1339455026;
Date.js;3268740409;1;1339455026;
Display.js;1722016561;1;1339455026;
Field.js;106526562;1;1339455026;
File.js;3344174009;1;1339455026;
Hidden.js;1099150008;1;1339455026;
HtmlEditor.js;633508015;1;1339455026;
Number.js;2446504135;1;1339455026;
Picker.js;2074741525;1;1339455026;
Radio.js;4122698819;1;1339455026;
Spinner.js;1618522279;1;1339455026;
Text.js;687802192;1;1339455026;
TextArea.js;1642431497;1;1339455026;
Time.js;1547181448;1;1339455026;
Trigger.js;2462982040;1;1339455026;
VTypes.js;566376426;1;1339455026;
